35229	0000000000000000000000000000000000000000000000000000000000000000000000000000000000000000000000035229
5753	0000000000000000000000000000000000000000000000000000000000000000000000000000000000000000000000005753
14121	0000000000000000000000000000000000000000000000000000000000000000000000000000000000000000000000014121
42389	0000000000000000000000000000000000000000000000000000000000000000000000000000000000000000000000042389
17421	0000000000000000000000000000000000000000000000000000000000000000000000000000000000000000000000017421
2130	0000000000000000000000000000000000000000000000000000000000000000000000000000000000000000000000002130
26222	0000000000000000000000000000000000000000000000000000000000000000000000000000000000000000000000026222
16260	0000000000000000000000000000000000000000000000000000000000000000000000000000000000000000000000016260
11090	0000000000000000000000000000000000000000000000000000000000000000000000000000000000000000000000011090
12676	0000000000000000000000000000000000000000000000000000000000000000000000000000000000000000000000012676
76903	0000000000000000000000000000000000000000000000000000000000000000000000000000000000000000000000076903
88280	0000000000000000000000000000000000000000000000000000000000000000000000000000000000000000000000088280
7152	0000000000000000000000000000000000000000000000000000000000000000000000000000000000000000000000007152
3967	0000000000000000000000000000000000000000000000000000000000000000000000000000000000000000000000003967
1835	0000000000000000000000000000000000000000000000000000000000000000000000000000000000000000000000001835
39705	0000000000000000000000000000000000000000000000000000000000000000000000000000000000000000000000039705
8521	0000000000000000000000000000000000000000000000000000000000000000000000000000000000000000000000008521
6429	0000000000000000000000000000000000000000000000000000000000000000000000000000000000000000000000006429
9830	0000000000000000000000000000000000000000000000000000000000000000000000000000000000000000000000009830
6248	0000000000000000000000000000000000000000000000000000000000000000000000000000000000000000000000006248
3852	0000000000000000000000000000000000000000000000000000000000000000000000000000000000000000000000003852
3620	0000000000000000000000000000000000000000000000000000000000000000000000000000000000000000000000003620
8036	0000000000000000000000000000000000000000000000000000000000000000000000000000000000000000000000008036
7362	0000000000000000000000000000000000000000000000000000000000000000000000000000000000000000000000007362
5314	0000000000000000000000000000000000000000000000000000000000000000000000000000000000000000000000005314
28851	0000000000000000000000000000000000000000000000000000000000000000000000000000000000000000000000028851
381485	0000000000000000000000000000000000000000000000000000000000000000000000000000000000000000000000381485
4951	0000000000000000000000000000000000000000000000000000000000000000000000000000000000000000000000004951
946	0000000000000000000000000000000000000000000000000000000000000000000000000000000000000000000000000946
5099	0000000000000000000000000000000000000000000000000000000000000000000000000000000000000000000000005100
9065	0000000000000000000000000000000000000000000000000000000000000000000000000000000000000000000000009065
7805	0000000000000000000000000000000000000000000000000000000000000000000000000000000000000000000000007805
20893	0000000000000000000000000000000000000000000000000000000000000000000000000000000000000000000000020893
6325	0000000000000000000000000000000000000000000000000000000000000000000000000000000000000000000000006325
250748	0000000000000000000000000000000000000000000000000000000000000000000000000000000000000000000000250748
1306	0000000000000000000000000000000000000000000000000000000000000000000000000000000000000000000000001306
